%YAML:1.0
M1: !!opencv-matrix
   rows: 3
   cols: 3
   dt: d
   data: [ 1., 0., 1.5655746872243298e-27, 0., 1.,
       9.9103359380824520e-28, 0., 0., 1. ]
D1: !!opencv-matrix
   rows: 1
   cols: 8
   dt: d
   data: [ 1.5455195702260136e-19, 2.4301050606956981e-14, 0., 0., 0.,
       0., 0., 7.5457533204972759e-20 ]
M2: !!opencv-matrix
   rows: 3
   cols: 3
   dt: d
   data: [ 1., 0., 1.2751298588963484e-26, 0., 1.,
       8.0775611871940863e-27, 0., 0., 1. ]
D2: !!opencv-matrix
   rows: 1
   cols: 8
   dt: d
   data: [ 1.1884803070967419e-18, 1.7931019849949647e-13, 0., 0., 0.,
       0., 0., 3.1574152363107986e-19 ]
